[gd_scene load_steps=13 format=3 uid="uid://beaxu6wbyvat5"]

[ext_resource type="Texture2D" uid="uid://c8arnlq67qi7" path="res://assets/textures/grids/Dark/texture_05.png" id="1_sugp2"]
[ext_resource type="Texture2D" uid="uid://cm5m7nr7dugjd" path="res://assets/textures/grids/Purple/texture_09.png" id="2_jyhfs"]
[ext_resource type="Texture2D" uid="uid://djg8y25y06h5n" path="res://assets/textures/grids/Green/texture_09.png" id="3_tbgi4"]
[ext_resource type="PackedScene" uid="uid://b6pxgn244x1hn" path="res://scenes/player.tscn" id="4_jyhfs"]
[ext_resource type="Texture2D" uid="uid://b58xv1joypxo5" path="res://assets/textures/grids/Orange/texture_09.png" id="4_tbgi4"]

[sub_resource type="ProceduralSkyMaterial" id="ProceduralSkyMaterial_tefeu"]
sky_horizon_color = Color(0.662243, 0.671743, 0.686743, 1)
ground_horizon_color = Color(0.662243, 0.671743, 0.686743, 1)

[sub_resource type="Sky" id="Sky_o6xl0"]
sky_material = SubResource("ProceduralSkyMaterial_tefeu")

[sub_resource type="Environment" id="Environment_tipki"]
background_mode = 2
sky = SubResource("Sky_o6xl0")
tonemap_mode = 2
sdfgi_enabled = true
glow_enabled = true
fog_enabled = true
fog_light_color = Color(0.846336, 0.861964, 0.88653, 1)
fog_density = 0.001

[sub_resource type="StandardMaterial3D" id="StandardMaterial3D_85g3d"]
albedo_texture = ExtResource("1_sugp2")
uv1_triplanar = true

[sub_resource type="StandardMaterial3D" id="StandardMaterial3D_choun"]
albedo_texture = ExtResource("2_jyhfs")

[sub_resource type="StandardMaterial3D" id="StandardMaterial3D_ya4ey"]
albedo_texture = ExtResource("3_tbgi4")
uv1_triplanar = true

[sub_resource type="StandardMaterial3D" id="StandardMaterial3D_tefeu"]
albedo_texture = ExtResource("4_tbgi4")
uv1_triplanar = true

[node name="World" type="Node3D"]

[node name="DirectionalLight3D" type="DirectionalLight3D" parent="."]
transform = Transform3D(-0.866025, -0.433013, 0.25, 0, 0.5, 0.866025, -0.5, 0.75, -0.433013, 0, 0, 0)
shadow_enabled = true

[node name="WorldEnvironment" type="WorldEnvironment" parent="."]
environment = SubResource("Environment_tipki")

[node name="Map" type="Node3D" parent="."]

[node name="Floor" type="CSGBox3D" parent="Map"]
transform = Transform3D(1, 0, 0, 0, 1, 0, 0, 0, 1, 0, -0.25, 0)
material_override = SubResource("StandardMaterial3D_85g3d")
use_collision = true
size = Vector3(100, 0.5, 100)

[node name="Box" type="CSGBox3D" parent="Map"]
transform = Transform3D(0.965926, 0, -0.258819, 0, 1, 0, 0.258819, 0, 0.965926, 0, 0.5, -4.20624)
material_override = SubResource("StandardMaterial3D_choun")
use_collision = true

[node name="Box2" type="CSGBox3D" parent="Map"]
transform = Transform3D(0.707107, 0, -0.707107, 0, 1, 0, 0.707107, 0, 0.707107, -4.14793, 1, 1.74189)
material_override = SubResource("StandardMaterial3D_ya4ey")
use_collision = true
size = Vector3(2, 2, 2)

[node name="Box3" type="CSGBox3D" parent="Map"]
transform = Transform3D(0.707107, 0, -0.707107, 0, 1, 0, 0.707107, 0, 0.707107, 3.20535, 1.50022, 2.9402)
material_override = SubResource("StandardMaterial3D_tefeu")
use_collision = true
size = Vector3(3, 3, 3)

[node name="Player" parent="." instance=ExtResource("4_jyhfs")]
